%YAML:1.0
# Input-output configuration
input: [ 848, 800 ]
output: [ 848, 800 ]

# Camera calibration parameter
K1: !!opencv-matrix
  rows: 3
  cols: 3
  dt: d
  data: [ 286.037200927734, 0.0, 424.613586425781,
          0.0, 286.026489257812, 406.770294189453,
          0.0, 0.0, 1.0 ]
D1: !!opencv-matrix
  rows: 1
  cols: 4
  dt: d
  data: [ -0.00817503407597542, 0.0426777191460133, -0.0397158712148666, 0.00701700476929545 ]
K2: !!opencv-matrix
  rows: 3
  cols: 3
  dt: d
  data: [ 285.823791503906, 0.0, 422.727111816406,
          0.0, 285.880004882812, 410.413299560547,
          0.0, 0.0, 1.0 ]
D2: !!opencv-matrix
  rows: 1
  cols: 4
  dt: d
  data: [ -0.00930707529187202, 0.0441383197903633, -0.0402532108128071, 0.0068110809661448 ]
R: !!opencv-matrix
  rows: 3
  cols: 3
  dt: d
  data: [ 0.999985, -0.00143555, -0.00524576,
          0.00144234, 0.999998, 0.00129212,
          0.0052439, -0.00129967, 0.999985 ]
T: [ -0.0638032779097557, -0.00006757682422176, -0.0000756507506594062 ]